1680.376217
788.766221
1566.199177
1596.880811
1823.295565
395.102923
670.445824
1536.459905
555.549680
1107.940428
954.794548
1257.742435
729.569285
1026.802299
1904.460337
1832.390989
1271.424048
1434.594527
283.205243
1213.938318
32.601158
485.773767
274.463281
1608.354257
313.358324
801.889162
259.581014
217.617705
1997.849966
436.514014
1025.865267
1678.225251
1225.280236
592.063511
1275.105129
1048.574868
987.166434
1945.550954
585.033841
1542.716114
1053.490449
1539.828390
800.457617
1783.059734
566.629756
704.917023
1615.449792
1838.053804
139.510617
1898.655035
1051.991190
172.111776
384.427871
1326.454472
1780.466034
697.786195
128.342701
40.046116
915.403901
126.191735
476.560130
1941.269167
1804.416987
1701.840366
533.331747
1079.521184
750.414302
1520.498181
1025.071206
1335.448143
1063.213363
78.560723
875.275601
1863.670980
1861.620458
1441.905358
568.587071
1477.069318
1279.958229
708.097689
1375.723421
331.948487
880.209465
1760.151292
1658.402959
660.674567
457.936555
1786.745661
700.720683
1373.340456
1912.937397
1177.280815
1314.608691
1717.353452
879.120248
1847.940438
796.873704
1629.534551
1368.437688
1821.944910
