1680.376217
788.766221
1566.199177
1596.880811
1823.295565
395.102923
670.445824
1536.459905
555.549680
1107.940428
954.794548
1257.742435
729.569285
1026.802299
1904.460337
1832.390989
1271.424048
1434.594527
283.205243
1213.938318
32.601158
485.773767
274.463281
1608.354257
313.358324
801.889162
259.581014
217.617705
1997.849966
436.514014
1025.865267
1678.225251
1225.280236
592.063511
1275.105129
1048.574868
987.166434
1945.550954
585.033841
1542.716114
1053.490449
1539.828390
800.457617
1783.059734
566.629756
704.917023
1615.449792
1838.053804
139.510617
1898.655035
1051.991190
172.111776
384.427871
1326.454472
1780.466034
697.786195
128.342701
40.046116
915.403901
126.191735
476.560130
1941.269167
1804.416987
1701.840366
533.331747
1079.521184
750.414302
1520.498181
1025.071206
1335.448143
1063.213363
78.560723
875.275601
1863.670980
1861.620458
1441.905358
568.587071
1477.069318
1279.958229
708.097689
1375.723421
331.948487
880.209465
1760.151292
1658.402959
660.674567
457.936555
1786.745661
700.720683
1373.340456
1912.937397
1177.280815
1314.608691
1717.353452
879.120248
1847.940438
796.873704
1629.534551
1368.437688
1821.944910
964.981763
431.650119
1900.505633
1840.257364
295.320167
1762.125160
1282.161790
863.907239
1239.193545
562.119087
1572.004928
614.916034
894.067575
452.213461
375.066394
552.469601
1112.888029
833.002949
339.214330
1813.608712
206.342473
252.150796
990.888595
1520.951165
1969.504247
1870.008844
1368.890671
766.377019
1499.542463
737.327427
588.320998
464.523294
1168.977546
488.825699
304.779726
1464.297714
250.949926
1586.941515
328.204020
1490.143472
149.059671
1900.208948
105.058574
1043.127245
352.421477
480.124968
1595.596847
1465.309506
1313.127917
1934.811178
1278.917287
1519.470391
186.961041
269.804949
1040.420624
156.464356
139.812861
409.310363
922.841377
1639.355324
1146.637791
1511.162374
103.877686
315.614404
1999.988073
408.657412
1779.912118
250.937068
1995.598928
108.115206
1741.080541
144.657666
8.323222
1846.139114
1187.784912
360.744699
326.263150
783.380826
1826.054205
1639.391069
718.191072
1104.970560
1158.860528
905.152113
1374.775509
199.280220
1061.616470
1514.588370
608.590583
1984.457847
1153.942762
1755.228374
1495.619289
1257.820448
70.841846
1495.606430
1666.477860
1850.753964
1746.543499
1662.075856
1958.869171
1487.623107
1806.733522
1967.192392
1333.761290
994.517501
327.936160
1660.024441
1777.898328
153.989433
1299.414577
496.088468
1258.959993
458.274173
1401.240582
633.734570
657.554393
462.856120
148.322009
1266.144977
447.313035
1302.264771
1021.372418
1942.932324
560.084287
1092.214265
1438.537822
226.561215
942.967297
1185.080390
1888.637072
901.835536
672.702565
1695.369661
869.026996
6.462923
689.886231
1196.963157
1666.487364
467.783627
1350.952590
965.901009
963.872095
609.911651
1424.175183
365.111745
1243.646222
81.728644
827.967865
1391.968230
1347.873620
1275.280900
694.232069
369.245107
1218.212291
1254.316357
1461.459372
656.749182
1480.877572
404.425737
1841.829572
1369.513711
1306.261273
514.531204
1064.882441
175.287338
520.994128
1754.768673
1372.250494
187.480559
222.551368
723.202152
1153.381569
1186.423463
1333.113803
577.555819
1551.535208
576.759092
659.284464
379.502141
1968.727323
7.157152
1654.783041
662.958460
376.402259
872.994400
1917.274817
1837.861632
1529.743583
1398.151457
242.286437
1371.572222
767.664236
1548.547710
1886.103427
1832.546678
1723.835048
407.096622
1587.314418
1096.084610
594.577182
1809.865786
1819.286762
1747.958750
996.288317
1152.399633
325.513638
547.822593
1729.158726
984.798103
927.324734
1697.885116
991.955255
582.106843
360.842645
1368.357515
1455.101244
278.116529
1206.218214
984.843895
1676.267986
1448.504651
356.415186
443.931291
997.051429
242.517680
276.477036
720.885545
649.614303
1863.791455
1816.970155
1244.191484
1673.656309
1636.255985
992.149302
669.943693
788.654687
1317.662941
1217.766286
517.812480
302.460111
145.090089
215.696664
1294.415367
727.196932
576.539309
662.771949
182.297244
854.655839
1868.990164
1167.141140
530.922893
1317.493882
1523.556325
974.854184
314.544380
1766.074005
1251.331222
1035.429925
415.687376
1115.121745
852.399149
1659.878860
788.777121
488.654201
652.027230
1458.720815
1277.308888
1969.690172
676.486170
1795.121368
272.149351
821.576258
10.817102
1566.564717
1548.773191
587.356411
229.335734
1731.070435
1442.012250
98.324966
898.210642
1972.935144
1415.818849
421.766035
947.788396
1730.363229
187.839109
199.118686
765.792222
603.526484
1314.240430
1618.191371
263.404412
103.016620
106.844641
915.431643
1561.737436
1384.153529
885.120883
238.222673
1179.273966
1157.270233
1059.798932
1190.091068
723.834019
608.571191
1777.447478
953.169754
339.640694
1219.458797
1051.494721
1237.851337
1192.393009
467.312638
1659.617372
140.180473
197.674935
1847.456482
339.299160
963.467157
450.982034
1653.539590
581.657596
714.386447
1756.556210
688.502237
1629.818090
1318.292714
72.654833
514.938040
1556.515387
1251.928799
1672.208274
616.313387
442.018935
396.041361
1224.884578
219.465482
1349.211116
1564.525272
1438.924279
400.704904
802.375677
631.316356
868.017542
461.992118
771.496830
1065.692476
309.447667
1110.795990
29.158701
760.429701
764.334648
610.816297
1474.816148
520.889926
1299.318534
1104.633306
1839.182641
1371.973368
1619.571346
1395.697096
623.901235
1291.778689
12.009551
1065.920171
1687.820050
1236.894129
1285.385653
1037.030233
801.418468
724.309000
1437.735137
1603.794146
1355.625356
305.751747
65.785332
127.121254
1371.444223
375.232999
1237.917244
1400.602925
1135.662700
2.250960
11.418289
610.477917
523.140887
1310.736824
1715.111223
362.322595
682.709260
1334.681639
1758.019691
1306.610495
626.459395
1770.029242
372.529733
314.278513
1006.922439
1657.915386
1351.308747
1808.340908
382.223454
789.042951
1412.134122
1737.848810
1094.794699
1477.919453
1864.970064
466.237990
1853.152453
1102.886376
1866.840914
988.814221
1105.137336
1878.259204
1599.292138
1628.278223
1188.995096
1314.402430
1990.600819
1871.704356
649.083136
1748.619578
1178.313918
1275.542532
1518.647889
1550.843653
1589.821044
525.569395
1208.758106
941.128858
333.909371
1590.981561
1730.171811
1746.043493
1328.829438
824.965577
1223.962014
1193.798570
1291.203567
1077.113534
296.684014
1158.043550
65.926824
1401.821350
1036.301822
1665.218962
1030.098642
225.295986
979.620460
1020.698529
96.999409
1628.703596
769.317174
1275.313327
904.245196
287.964131
826.156048
494.065308
813.533527
34.913223
1435.194167
1147.442898
1625.894784
1165.365045
893.485460
954.723290
1990.330623
117.446542
148.520929
1281.533258
1194.560077
445.204943
439.575876
1260.486901
1847.026295
1475.877698
925.704930
877.124004
1701.173684
1905.325391
1897.822533
1798.173093
1534.028055
667.138775
1073.485488
438.272319
955.102907
1899.641537
932.337627
1768.636434
1934.554760
367.530862
916.078399
1560.448611
1532.895908
1809.563859
515.170969
1523.225598
1927.010402
663.691898
804.757925
1121.569546
1108.896842
1244.333801
382.055515
955.922204
720.210567
1307.760445
1833.046209
421.383318
1213.084904
1730.867809
219.555479
747.112027
398.005651
1293.040969
1185.384346
1353.108558
1192.681573
117.721042
1121.744059
1127.235401
485.251903
37.821528
687.683080
18.146879
1847.385387
1202.854048
1541.372478
1774.394856
1866.545947
346.129471
895.963470
975.441857
1590.463272
1278.018985
1931.364062
310.672907
585.778498
1764.409338
732.056226
1798.863402
1495.276215
951.611705
545.974497
1893.281866
244.651742
1731.358843
1246.389493
1437.333315
1849.079885
368.132620
564.567783
334.330857
405.954148
1252.250863
352.477736
253.338603
455.103980
1893.850215
27.732527
321.648995
239.978754
923.695998
1297.090853
1830.442026
201.714050
1228.453982
141.114001
787.492548
992.862388
873.170227
586.355019
488.137671
1824.781933
1132.329516
381.418605
69.432743
863.687428
1627.808098
1506.766059
712.766381
1995.940720
71.332910
1047.097238
401.893935
1323.583774
1399.574975
655.232538
1778.687754
1293.424257
682.965066
100.335817
1533.403011
1606.661064
1397.426670
1363.844106
1808.375114
625.879720
1504.958107
595.866731
1618.742109
378.127402
1182.221750
106.878847
202.908403
314.550333
488.297453
272.341146
1178.237761
116.104620
1779.107205
1891.004143
112.044407
1850.440115
938.100448
513.938342
1174.022956
337.674491
1169.170882
952.709778
1631.098749
1852.135948
1053.045595
1164.500829
1458.796079
450.471333
528.344003
1267.170261
1076.351053
33.301178
1863.036992
695.092229
411.428580
1045.257809
801.971076
614.336984
1359.808143
1290.268530
886.678130
538.044972
1406.373150
665.784403
429.048182
1518.417557
516.223586
1367.148631
32.354967
1690.246543
1704.823123
1201.525849
642.955389
1335.920940
1053.660864
1696.000985
500.420837
512.456011
146.471385
1028.764840
1779.626273
1222.822439
1062.066018
1642.662333
1917.914668
1473.494598
687.919210
719.884813
87.830650
47.726421
10.152411
974.508780
585.771392
1416.525560
1640.293183
1014.819575
934.942185
156.515837
381.967275
967.297152
1846.762380
86.789465
168.822069
489.716836
1422.710406
1222.482934
185.716889
1923.131243
1734.938946
332.188275
951.895151
1514.564287
1555.010714
13.960237
1157.225687
1472.924450
1487.454835
1845.144897
192.808331
1575.285485
1892.871318
202.960741
549.793333
478.641779
1619.486302
190.085584
1493.461354
554.427554
346.601421
1875.428629
1521.724707
193.362869
1962.218094
1690.546776
683.079705
1384.927567
913.028778
868.796595
1308.057878
647.966791
1200.984870
259.952096
162.530146
755.994652
273.912333
1319.755834
228.918169
1761.367169
1164.899799
421.726501
1336.651722
1057.770186
624.687242
1886.445055
1536.411964
244.172612
76.529707
1029.872386
798.600167
423.131129
905.300083
320.323942
616.493998
867.517244
10.869786
1299.573704
252.443880
923.898564
168.369367
1560.501758
1571.865355
1369.354237
1820.453855
1734.395502
125.347957
94.365256
1054.150404
354.266126
1855.732425
219.049271
775.992627
1192.383215
1276.819456
1400.679870
1078.827338
813.230488
1644.852482
1155.357045
1843.102875
443.451717
1578.488175
748.402025
763.775659
194.981240
1615.919270
774.645445
1494.554944
1868.363151
1698.544009
1662.924311
1428.863976
1270.408433
1032.277616
1249.316899
1004.803003
1157.625573
1343.682156
58.952475
1511.891700
1199.413649
278.001745
287.883394
391.795932
1554.821203
1688.563264
1470.623271
368.050759
1333.414814
625.979384
211.152702
1776.866531
204.466626
959.554727
540.641258
399.447868
575.473066
1315.286703
1894.002812
443.835284
1013.829780
1556.926192
1872.699261
284.237281
589.202876
1122.015228
1289.040283
1746.828450
465.696452
1347.992758
1258.719218
1665.110102
1625.994503
1546.602612
56.905102
1180.814774
1235.164945
1527.528373
1548.865534
568.578827
153.506825
1760.018236
345.444426
357.973452
719.572031
886.085684
757.421319
1295.045098
201.371455
651.423199
1738.880381
1215.201236
208.348459
1611.578710
1499.438516
797.551336
733.593007
788.477868
544.378854
1199.289459
136.469693
1803.098072
864.398629
1762.464197
1349.699752
921.303731
943.278039
584.863765
448.831172
492.142640
1153.442593
602.337998
252.159944
1498.887018
960.311450
971.731975
384.971771
1717.732769
266.776140
586.343226
369.155036
5.655590
1801.544462
577.503496
1617.234300
1300.982046
1375.054832
350.826375
89.458981
1919.433686
1550.115835
225.928675
1722.530825
414.513532
1988.392871
1072.229645
1335.817264
931.669978
1657.093411
1784.648436
1423.812618
810.535071
386.985502
1675.972562
309.421157
1347.296952
647.703606
694.392928
1065.028789
